0.12132 10
0.34213 9
0.40325 8
0.63958 7
0.57673 6
0.59488 5
0.51233 4
0.47973 3
0.46728 2
0.34434 1
0.15496 10
0.29631 9
0.36281 8
0.56325 7
0.53927 6
0.55245 5
0.52849 4
0.47181 3
0.45432 2
0.34134 1
0.13435 10
0.23341 9
0.25981 8
0.24993 7
0.25437 6
0.23954 5
0.20838 4
0.18594 3
0.20435 2
0.13343 1
0.13985 10
0.15902 9
0.30513 8
0.30554 7
0.25961 6
0.20324 5
0.36081 4
0.21058 3
0.15498 2
0.16832 1
0.25075 10
0.24907 9
0.34549 8
0.50143 7
0.40545 6
0.42504 5
0.38451 4
0.35109 3
0.29312 2
0.23349 1
0.22434 10
0.28432 9
0.45104 8
0.46412 7
0.48101 6
0.44845 5
0.45019 4
0.37971 3
0.30972 2
0.27083 1